0 0
2 0
4 0
6 0
8 0
10 0
12 0
14 0
16 0
18 0
20 0
22 0
24 0
26 0
28 0
30 0
32 0
34 0
36 0
38 0
40 0
42 0
44 0
46 0
48 0
50 0
52 0
54 0
56 0
58 0
60 0
62 0
64 0
66 0
68 0
70 0
72 0
74 0
76 0
78 0
80 0
82 0
84 0
86 0
88 0
90 0
92 0
94 0
96 0
98 0
100 0
102 0
104 0
106 0
108 0
110 0
112 0
114 0
116 0
118 0
120 0
122 0
124 0
126 0
128 0
130 0
132 0
134 0
136 0
138 0
140 0
142 0
144 0
146 0
148 0
150 0
152 0
154 0
156 0
158 0
160 0
162 0
164 0
166 0
168 0
170 0
172 0
174 0
176 0
178 0
180 0
182 0
184 0
186 0
188 0
190 0
192 0
194 0
196 0
198 0
200 0
202 0
204 0
206 0
208 0
210 0
212 0
214 0
216 0
218 0
220 0
222 0
224 0
226 0
228 0
230 0
232 0
234 0
236 0
238 0
240 0
242 0
244 0
246 0
248 0
250 0
252 0
254 0
256 0
258 0
260 0
262 0
264 0
266 0
268 0
270 0
272 0
274 0
276 0
278 0
280 0
282 0
284 0
286 0
288 0
290 0
292 0
294 0
296 0
298 0
300 0
302 0
304 0
306 0
308 0
310 0
312 0
314 0
316 0
318 0
320 0
322 0
324 0
326 0
328 0
330 0
332 0
334 0
336 0
338 0
340 0
342 0
344 0
346 0
348 0
350 0
352 0
354 0
356 0
358 0
360 0
362 0
364 0
366 0
368 0
370 0
372 0
374 0
376 0
378 0
380 0
382 0
384 0
386 0
388 0
390 0
392 0
394 0
396 0
398 0
400 0
402 0
404 0
406 0
408 0
410 0
412 0
414 0
416 0
418 0
420 0
422 0
424 0
426 0
428 0
430 0
432 0
434 0
436 0
438 0
440 0
442 0
444 0
446 0
448 0
450 0
452 0
454 0
456 0
458 0
460 0
462 0
464 0
466 0
468 0
470 0
472 0
474 0
476 0
478 0
480 0
482 0
484 0
486 0
488 0
490 0
492 0
494 0
496 0
498 0
500 0
502 0
504 0
506 0
508 0
510 0
512 0
514 0
516 0
518 0
520 0
522 0
524 0
526 0
528 0
530 0
532 0
534 0
536 0
538 0
540 0
542 0
544 0
546 0
548 0
550 0
552 0
554 0
556 0
558 0
560 0
562 0
564 0
566 0
568 0
570 0
572 0
574 0
576 0
578 0
580 0
582 0
584 0
586 0
588 0
590 0
592 0
594 0
596 0
598 0
600 0
602 0
604 0
606 0
608 0
610 0
612 0
614 0
616 0
618 1
620 2
622 3
624 4
626 5
628 5
630 6
632 7
634 8
636 9
638 9
640 10
642 11
644 12
646 12
648 13
650 14
652 14
654 15
656 16
658 17
660 17
662 18
664 19
666 19
668 20
670 20
672 21
674 22
676 22
678 23
680 24
682 24
684 25
686 25
688 26
690 26
692 27
694 28
696 28
698 29
700 29
702 30
704 30
706 31
708 31
710 32
712 32
714 33
716 33
718 34
720 34
722 34
724 35
726 35
728 36
730 36
732 37
734 37
736 37
738 38
740 38
742 39
744 39
746 39
748 40
750 40
752 40
754 41
756 41
758 41
760 42
762 42
764 42
766 43
768 43
770 43
772 44
774 44
776 44
778 45
780 45
782 45
784 45
786 46
788 46
790 46
792 46
794 47
796 47
798 47
800 47
802 47
804 48
806 48
808 48
810 48
812 48
814 49
816 49
818 49
820 49
822 49
824 49
826 49
828 50
830 50
832 50
834 50
836 50
838 50
840 50
842 50
844 51
846 51
848 51
850 51
852 51
854 51
856 51
858 51
860 51
862 51
864 51
866 51
868 51
870 52
872 52
874 52
876 52
878 52
880 52
882 52
884 52
886 52
888 52
890 52
892 52
894 52
896 52
898 52
900 52
902 52
904 52
906 52
908 52
910 52
912 52
914 52
916 52
918 51
920 51
922 51
924 51
926 51
928 51
930 51
932 51
934 51
936 51
938 51
940 51
942 51
944 51
946 50
948 50
950 50
952 50
954 50
956 50
958 50
960 50
962 50
964 50
966 49
968 49
970 49
972 49
974 49
976 49
978 49
980 48
982 48
984 48
986 48
988 48
990 48
992 48
994 47
996 47
998 47
1000 47
1002 47
1004 47
1006 46
1008 46
1010 46
1012 46
1014 46
1016 45
1018 45
1020 45
1022 45
1024 45
1026 45
1028 44
1030 44
1032 44
1034 44
1036 44
1038 43
1040 43
1042 43
1044 43
1046 42
1048 42
1050 42
1052 42
1054 42
1056 41
1058 41
1060 41
1062 41
1064 40
1066 40
1068 40
1070 40
1072 40
1074 39
1076 39
1078 39
1080 39
1082 38
1084 38
1086 38
1088 38
1090 37
1092 37
1094 37
1096 37
1098 36
1100 36
1102 36
1104 36
1106 35
1108 35
1110 35
1112 35
1114 34
1116 34
1118 34
1120 34
1122 33
1124 33
1126 33
1128 32
1130 32
1132 32
1134 32
1136 31
1138 31
1140 31
1142 31
1144 30
1146 30
1148 30
1150 29
1152 29
1154 29
1156 29
1158 28
1160 28
1162 28
1164 27
1166 27
1168 27
1170 27
1172 26
1174 26
1176 26
1178 26
1180 25
1182 25
1184 25
1186 24
1188 24
1190 24
1192 24
1194 23
1196 23
1198 23
1200 22
1202 22
1204 22
1206 21
1208 21
1210 21
1212 21
1214 20
1216 20
1218 20
1220 19
1222 19
1224 19
1226 19
1228 18
1230 18
1232 18
1234 17
1236 17
1238 17
1240 17
1242 16
1244 16
1246 16
1248 15
1250 15
1252 15
1254 15
1256 14
1258 14
1260 14
1262 13
1264 13
1266 13
1268 13
1270 12
1272 12
1274 12
1276 11
1278 11
1280 11
1282 11
1284 10
1286 10
1288 10
1290 10
1292 9
1294 9
1296 9
1298 8
1300 8
1302 8
1304 8
1306 7
1308 7
1310 7
1312 7
1314 6
1316 6
1318 6
1320 5
1322 5
1324 5
1326 5
1328 4
1330 4
1332 4
1334 4
1336 3
1338 3
1340 3
1342 3
1344 2
1346 2
1348 2
1350 2
1352 1
1354 1
1356 1
1358 0
1360 0
1362 0
1364 0
1366 0
1368 0
1370 0
1372 0
1374 0
1376 0
1378 0
1380 0
1382 0
1384 0
1386 0
1388 0
1390 0
1392 0
1394 0
1396 0
1398 0
1400 0
1402 0
1404 0
1406 0
1408 0
1410 0
1412 0
1414 0
1416 0
1418 0
1420 0
1422 0
1424 0
1426 0
1428 0
1430 0
1432 0
1434 0
1436 0
1438 0
1440 0
1442 0
1444 0
1446 0
1448 0
1450 0
1452 0
1454 0
1456 0
1458 0
1460 0
1462 0
1464 0
1466 0
1468 0
1470 0
1472 0
1474 0
1476 0
1478 0
1480 0
1482 0
1484 0
1486 0
1488 0
1490 0
1492 0
1494 0
1496 0
1498 0
1500 0
1502 0
1504 0
1506 0
1508 0
1510 0
1512 0
1514 0
1516 0
1518 0
1520 0
1522 0
1524 0
1526 0
1528 0
1530 0
1532 0
1534 0
1536 0
1538 0
1540 0
1542 0
1544 0
1546 0
1548 0
1550 0
1552 0
1554 0
1556 0
1558 0
1560 0
1562 0
1564 0
1566 0
1568 0
1570 0
1572 0
1574 0
1576 0
1578 0
1580 0
1582 0
1584 0
1586 0
1588 0
1590 0
1592 0
1594 0
1596 0
1598 0
1600 0
1602 0
1604 0
1606 0
1608 0
1610 0
1612 0
1614 0
1616 0
1618 0
1620 0
1622 0
1624 0
1626 0
1628 0
1630 0
1632 0
1634 0
1636 0
1638 0
1640 0
1642 0
1644 0
1646 0
1648 0
1650 0
1652 0
1654 0
1656 0
1658 0
1660 0
1662 0
1664 0
1666 0
1668 0
1670 0
1672 0
1674 0
1676 0
1678 0
1680 0
1682 0
1684 0
1686 0
1688 0
1690 0
1692 0
1694 0
1696 0
1698 0
1700 0
1702 0
1704 0
1706 0
1708 0
1710 0
1712 0
1714 0
1716 0
1718 0
1720 0
1722 0
1724 0
1726 0
1728 0
1730 0
1732 0
1734 0
1736 0
1738 0
1740 0
1742 0
1744 0
1746 0
1748 0
1750 0
1752 0
1754 0
1756 0
1758 0
1760 0
1762 0
1764 0
1766 0
1768 0
1770 0
1772 0
1774 0
1776 0
1778 0
1780 0
1782 0
1784 0
1786 0
1788 0
1790 0
1792 0
1794 0
1796 0
1798 0
1800 0
1802 0
1804 0
1806 0
1808 0
1810 0
1812 0
1814 0
1816 0
1818 0
1820 0
1822 0
1824 0
1826 0
1828 0
1830 0
1832 0
1834 0
1836 0
1838 0
1840 0
1842 0
1844 0
1846 0
1848 0
1850 0
1852 0
1854 0
1856 0
1858 0
1860 0
1862 0
1864 0
1866 0
1868 0
1870 0
1872 0
1874 0
1876 0
1878 0
1880 0
1882 0
1884 0
1886 0
1888 0
1890 0
1892 0
1894 0
1896 0
1898 0
1900 0
1902 0
1904 0
1906 0
1908 0
1910 0
1912 0
1914 0
1916 0
1918 0
1920 0
1922 0
1924 0
1926 0
1928 0
1930 0
1932 0
1934 0
1936 0
1938 0
1940 0
1942 0
1944 0
1946 0
1948 0
1950 0
1952 0
1954 0
1956 0
1958 0
1960 0
1962 0
1964 0
1966 0
1968 0
1970 0
1972 0
1974 0
1976 0
1978 0
1980 0
1982 0
1984 0
1986 0
1988 0
1990 0
1992 0
1994 0
1996 0
1998 0
2000 0
2002 0
2004 0
2006 0
2008 0
2010 0
2012 0
2014 0
2016 0
2018 0
2020 1
2022 1
2024 1
2026 1
2028 1
2030 2
2032 2
2034 2
2036 2
2038 3
2040 3
2042 3
2044 3
2046 3
2048 4
2050 4
2052 4
2054 4
2056 5
2058 5
2060 5
2062 5
2064 5
2066 6
2068 6
2070 6
2072 6
2074 7
2076 7
2078 7
2080 7
2082 7
2084 8
2086 8
2088 8
2090 8
2092 9
2094 9
2096 9
2098 9
2100 9
2102 10
2104 10
2106 10
2108 10
2110 10
2112 11
2114 11
2116 11
2118 11
2120 12
2122 12
2124 12
2126 12
2128 12
2130 13
2132 13
2134 13
2136 13
2138 13
2140 14
2142 14
2144 14
2146 14
2148 15
2150 15
2152 15
2154 15
2156 15
2158 16
2160 16
2162 16
2164 16
2166 16
2168 17
2170 17
2172 17
2174 17
2176 17
2178 18
2180 18
2182 18
2184 18
2186 18
2188 18
2190 19
2192 19
2194 19
2196 19
2198 19
2200 20
2202 20
2204 20
2206 20
2208 20
2210 20
2212 21
2214 21
2216 21
2218 21
2220 21
2222 21
2224 22
2226 22
2228 22
2230 22
2232 22
2234 22
2236 23
2238 23
2240 23
2242 23
2244 23
2246 23
2248 23
2250 24
2252 24
2254 24
2256 24
2258 24
2260 24
2262 24
2264 25
2266 25
2268 25
2270 25
2272 25
2274 25
2276 25
2278 25
2280 25
2282 26
2284 26
2286 26
2288 26
2290 26
2292 26
2294 26
2296 26
2298 26
2300 26
2302 26
2304 27
2306 27
2308 27
2310 27
2312 27
2314 27
2316 27
2318 27
2320 27
2322 27
2324 27
2326 27
2328 27
2330 27
2332 27
2334 27
2336 27
2338 27
2340 27
2342 28
2344 28
2346 28
2348 28
2350 28
2352 28
2354 28
2356 28
2358 28
2360 28
2362 28
2364 28
2366 28
2368 28
2370 28
2372 27
2374 27
2376 27
2378 27
2380 27
2382 27
2384 27
2386 27
2388 27
2390 27
2392 27
2394 27
2396 27
2398 27
2400 27
2402 27
2404 27
2406 26
2408 26
2410 26
2412 26
2414 26
2416 26
2418 26
2420 26
2422 26
2424 26
2426 25
2428 25
2430 25
2432 25
2434 25
2436 25
2438 24
2440 24
2442 24
2444 24
2446 24
2448 24
2450 23
2452 23
2454 23
2456 23
2458 23
2460 22
2462 22
2464 22
2466 22
2468 22
2470 21
2472 21
2474 21
2476 21
2478 20
2480 20
2482 20
2484 20
2486 19
2488 19
2490 19
2492 18
2494 18
2496 18
2498 17
2500 17
2502 17
2504 16
2506 16
2508 16
2510 15
2512 15
2514 15
2516 14
2518 14
2520 14
2522 13
2524 13
2526 12
2528 12
2530 12
2532 11
2534 11
2536 10
2538 10
2540 10
2542 9
2544 9
2546 8
2548 8
2550 7
2552 7
2554 6
2556 6
2558 5
2560 5
2562 4
2564 4
2566 3
2568 3
2570 2
2572 2
2574 1
2576 1
2578 0
2580 0
2582 0
2584 0
2586 0
2588 0
2590 0
2592 0
2594 0
2596 0
2598 0
2600 0
2602 0
2604 0
2606 0
2608 0
2610 0
2612 0
2614 0
2616 0
2618 0
2620 0
2622 0
2624 0
2626 0
2628 0
2630 0
2632 0
2634 0
2636 0
2638 0
2640 0
2642 0
2644 0
2646 0
2648 0
2650 0
2652 0
2654 0
2656 0
2658 0
2660 0
2662 0
2664 0
2666 0
2668 0
2670 0
2672 0
2674 0
2676 0
2678 0
2680 0
2682 0
2684 0
2686 0
2688 0
2690 0
2692 0
2694 0
2696 0
2698 0
2700 0
2702 0
2704 0
2706 0
2708 0
2710 0
2712 0
2714 0
2716 0
2718 0
2720 0
2722 0
2724 0
2726 0
2728 0
2730 0
2732 0
2734 0
2736 0
2738 0
2740 0
2742 0
2744 0
2746 0
2748 0
2750 0
2752 0
2754 0
2756 0
2758 0
2760 0
2762 0
2764 0
2766 0
2768 0
2770 0
2772 0
2774 0
2776 0
2778 0
2780 0
2782 0
2784 0
2786 0
2788 0
2790 0
2792 0
2794 0
2796 0
2798 0
2800 0
2802 0
2804 0
2806 0
2808 0
2810 0
2812 0
2814 0
2816 0
2818 0
2820 0
2822 0
2824 0
2826 0
2828 0
2830 0
2832 0
2834 0
2836 0
2838 0
2840 0
2842 0
2844 0
2846 0
2848 0
2850 0
2852 0
2854 0
2856 0
2858 0
2860 0
2862 0
2864 0
2866 0
2868 0
2870 0
2872 0
2874 0
2876 0
2878 0
