0 0
2 0
4 0
6 0
8 0
10 0
12 0
14 0
16 0
18 0
20 0
22 0
24 0
26 0
28 0
30 0
32 0
34 0
36 0
38 0
40 0
42 0
44 0
46 0
48 0
50 0
52 0
54 0
56 0
58 0
60 0
62 0
64 0
66 0
68 0
70 0
72 0
74 0
76 0
78 0
80 0
82 0
84 0
86 0
88 0
90 0
92 0
94 0
96 0
98 0
100 0
102 0
104 0
106 0
108 0
110 0
112 0
114 0
116 0
118 0
120 0
122 0
124 0
126 0
128 0
130 0
132 0
134 0
136 0
138 0
140 0
142 0
144 0
146 0
148 0
150 0
152 0
154 0
156 0
158 0
160 0
162 0
164 0
166 0
168 0
170 0
172 0
174 0
176 0
178 0
180 0
182 0
184 0
186 0
188 0
190 0
192 0
194 0
196 0
198 0
200 0
202 0
204 0
206 0
208 0
210 0
212 0
214 0
216 0
218 0
220 0
222 0
224 0
226 0
228 0
230 0
232 0
234 0
236 0
238 0
240 0
242 0
244 0
246 0
248 0
250 0
252 0
254 0
256 0
258 0
260 0
262 0
264 0
266 0
268 0
270 0
272 0
274 0
276 0
278 0
280 0
282 0
284 0
286 0
288 0
290 0
292 0
294 0
296 0
298 0
300 0
302 0
304 0
306 0
308 0
310 0
312 0
314 0
316 0
318 0
320 0
322 0
324 0
326 0
328 0
330 0
332 0
334 0
336 0
338 0
340 0
342 0
344 0
346 0
348 0
350 0
352 0
354 0
356 0
358 0
360 0
362 0
364 0
366 0
368 0
370 0
372 0
374 0
376 0
378 0
380 0
382 0
384 0
386 0
388 0
390 0
392 0
394 0
396 0
398 0
400 0
402 0
404 0
406 0
408 0
410 0
412 0
414 0
416 0
418 0
420 0
422 0
424 0
426 0
428 0
430 0
432 0
434 0
436 0
438 0
440 0
442 0
444 0
446 0
448 0
450 0
452 0
454 0
456 0
458 0
460 0
462 0
464 0
466 0
468 0
470 0
472 0
474 0
476 0
478 0
480 0
482 0
484 0
486 0
488 0
490 0
492 0
494 0
496 0
498 0
500 0
502 0
504 0
506 0
508 0
510 0
512 0
514 0
516 0
518 0
520 0
522 0
524 0
526 0
528 0
530 0
532 0
534 0
536 0
538 0
540 0
542 0
544 0
546 0
548 0
550 0
552 0
554 0
556 0
558 0
560 0
562 0
564 0
566 0
568 0
570 0
572 0
574 0
576 0
578 0
580 0
582 0
584 0
586 0
588 0
590 0
592 0
594 0
596 0
598 0
600 0
602 0
604 0
606 0
608 0
610 0
612 0
614 0
616 0
618 0
620 0
622 0
624 0
626 0
628 0
630 0
632 0
634 0
636 0
638 0
640 0
642 0
644 0
646 0
648 0
650 0
652 0
654 0
656 0
658 0
660 0
662 0
664 0
666 0
668 0
670 0
672 0
674 0
676 0
678 0
680 0
682 0
684 0
686 0
688 0
690 0
692 0
694 0
696 0
698 0
700 0
702 0
704 0
706 0
708 0
710 0
712 0
714 0
716 0
718 0
720 0
722 1
724 1
726 2
728 2
730 3
732 3
734 4
736 4
738 5
740 6
742 6
744 7
746 7
748 8
750 8
752 8
754 9
756 9
758 10
760 10
762 11
764 11
766 12
768 12
770 13
772 13
774 13
776 14
778 14
780 15
782 15
784 15
786 16
788 16
790 17
792 17
794 17
796 18
798 18
800 18
802 19
804 19
806 19
808 20
810 20
812 20
814 21
816 21
818 21
820 22
822 22
824 22
826 23
828 23
830 23
832 23
834 24
836 24
838 24
840 25
842 25
844 25
846 25
848 26
850 26
852 26
854 26
856 26
858 27
860 27
862 27
864 27
866 28
868 28
870 28
872 28
874 28
876 28
878 29
880 29
882 29
884 29
886 29
888 30
890 30
892 30
894 30
896 30
898 30
900 30
902 31
904 31
906 31
908 31
910 31
912 31
914 31
916 31
918 32
920 32
922 32
924 32
926 32
928 32
930 32
932 32
934 32
936 32
938 32
940 32
942 33
944 33
946 33
948 33
950 33
952 33
954 33
956 33
958 33
960 33
962 33
964 33
966 33
968 33
970 33
972 33
974 33
976 33
978 33
980 33
982 33
984 33
986 33
988 33
990 33
992 33
994 33
996 33
998 33
1000 33
1002 33
1004 33
1006 33
1008 33
1010 33
1012 33
1014 33
1016 33
1018 33
1020 33
1022 33
1024 33
1026 33
1028 33
1030 33
1032 33
1034 33
1036 33
1038 33
1040 33
1042 33
1044 33
1046 32
1048 32
1050 32
1052 32
1054 32
1056 32
1058 32
1060 32
1062 32
1064 32
1066 32
1068 32
1070 32
1072 32
1074 31
1076 31
1078 31
1080 31
1082 31
1084 31
1086 31
1088 31
1090 31
1092 31
1094 31
1096 30
1098 30
1100 30
1102 30
1104 30
1106 30
1108 30
1110 30
1112 30
1114 29
1116 29
1118 29
1120 29
1122 29
1124 29
1126 29
1128 29
1130 28
1132 28
1134 28
1136 28
1138 28
1140 28
1142 28
1144 28
1146 27
1148 27
1150 27
1152 27
1154 27
1156 27
1158 27
1160 26
1162 26
1164 26
1166 26
1168 26
1170 26
1172 26
1174 25
1176 25
1178 25
1180 25
1182 25
1184 25
1186 25
1188 24
1190 24
1192 24
1194 24
1196 24
1198 24
1200 24
1202 23
1204 23
1206 23
1208 23
1210 23
1212 23
1214 22
1216 22
1218 22
1220 22
1222 22
1224 22
1226 21
1228 21
1230 21
1232 21
1234 21
1236 21
1238 21
1240 20
1242 20
1244 20
1246 20
1248 20
1250 20
1252 19
1254 19
1256 19
1258 19
1260 19
1262 19
1264 18
1266 18
1268 18
1270 18
1272 18
1274 18
1276 17
1278 17
1280 17
1282 17
1284 17
1286 17
1288 16
1290 16
1292 16
1294 16
1296 16
1298 16
1300 15
1302 15
1304 15
1306 15
1308 15
1310 15
1312 15
1314 14
1316 14
1318 14
1320 14
1322 14
1324 14
1326 13
1328 13
1330 13
1332 13
1334 13
1336 13
1338 12
1340 12
1342 12
1344 12
1346 12
1348 12
1350 11
1352 11
1354 11
1356 11
1358 11
1360 11
1362 11
1364 10
1366 10
1368 10
1370 10
1372 10
1374 10
1376 10
1378 9
1380 9
1382 9
1384 9
1386 9
1388 9
1390 8
1392 8
1394 8
1396 8
1398 8
1400 8
1402 8
1404 7
1406 7
1408 7
1410 7
1412 7
1414 7
1416 7
1418 7
1420 6
1422 6
1424 6
1426 6
1428 6
1430 6
1432 6
1434 5
1436 5
1438 5
1440 5
1442 5
1444 5
1446 5
1448 5
1450 4
1452 4
1454 4
1456 4
1458 4
1460 4
1462 4
1464 4
1466 3
1468 3
1470 3
1472 3
1474 3
1476 3
1478 3
1480 3
1482 3
1484 2
1486 2
1488 2
1490 2
1492 2
1494 2
1496 2
1498 2
1500 2
1502 2
1504 1
1506 1
1508 1
1510 1
1512 1
1514 1
1516 1
1518 1
1520 1
1522 1
1524 0
1526 0
1528 0
1530 0
1532 0
1534 0
1536 0
1538 0
1540 0
1542 0
1544 0
1546 0
1548 0
1550 0
1552 0
1554 0
1556 0
1558 0
1560 0
1562 0
1564 0
1566 0
1568 0
1570 0
1572 0
1574 0
1576 0
1578 0
1580 0
1582 0
1584 0
1586 0
1588 0
1590 0
1592 0
1594 0
1596 0
1598 0
1600 0
1602 0
1604 0
1606 0
1608 0
1610 0
1612 0
1614 0
1616 0
1618 0
1620 0
1622 0
1624 0
1626 0
1628 0
1630 0
1632 0
1634 0
1636 0
1638 0
1640 0
1642 0
1644 0
1646 0
1648 0
1650 0
1652 0
1654 0
1656 0
1658 0
1660 0
1662 0
1664 0
1666 0
1668 0
1670 0
1672 0
1674 0
1676 0
1678 0
1680 0
1682 0
1684 0
1686 0
1688 0
1690 0
1692 0
1694 0
1696 0
1698 0
1700 0
1702 0
1704 0
1706 0
1708 0
1710 0
1712 0
1714 0
1716 0
1718 0
1720 0
1722 0
1724 0
1726 0
1728 0
1730 0
1732 0
1734 0
1736 0
1738 0
1740 0
1742 0
1744 0
1746 0
1748 0
1750 0
1752 0
1754 0
1756 0
1758 0
1760 0
1762 0
1764 0
1766 0
1768 0
1770 0
1772 0
1774 0
1776 0
1778 0
1780 0
1782 0
1784 0
1786 0
1788 0
1790 0
1792 0
1794 0
1796 0
1798 0
1800 0
1802 0
1804 0
1806 0
1808 0
1810 0
1812 0
1814 0
1816 0
1818 0
1820 0
1822 0
1824 0
1826 0
1828 0
1830 0
1832 0
1834 0
1836 1
1838 1
1840 1
1842 1
1844 1
1846 1
1848 1
1850 1
1852 1
1854 1
1856 1
1858 2
1860 2
1862 2
1864 2
1866 2
1868 2
1870 2
1872 2
1874 2
1876 2
1878 2
1880 3
1882 3
1884 3
1886 3
1888 3
1890 3
1892 3
1894 3
1896 3
1898 4
1900 4
1902 4
1904 4
1906 4
1908 4
1910 4
1912 4
1914 4
1916 5
1918 5
1920 5
1922 5
1924 5
1926 5
1928 5
1930 5
1932 5
1934 6
1936 6
1938 6
1940 6
1942 6
1944 6
1946 6
1948 6
1950 7
1952 7
1954 7
1956 7
1958 7
1960 7
1962 7
1964 7
1966 8
1968 8
1970 8
1972 8
1974 8
1976 8
1978 8
1980 8
1982 9
1984 9
1986 9
1988 9
1990 9
1992 9
1994 9
1996 9
1998 10
2000 10
2002 10
2004 10
2006 10
2008 10
2010 10
2012 11
2014 11
2016 11
2018 11
2020 11
2022 11
2024 11
2026 11
2028 12
2030 12
2032 12
2034 12
2036 12
2038 12
2040 12
2042 13
2044 13
2046 13
2048 13
2050 13
2052 13
2054 13
2056 13
2058 14
2060 14
2062 14
2064 14
2066 14
2068 14
2070 14
2072 14
2074 15
2076 15
2078 15
2080 15
2082 15
2084 15
2086 15
2088 15
2090 16
2092 16
2094 16
2096 16
2098 16
2100 16
2102 16
2104 16
2106 17
2108 17
2110 17
2112 17
2114 17
2116 17
2118 17
2120 17
2122 17
2124 18
2126 18
2128 18
2130 18
2132 18
2134 18
2136 18
2138 18
2140 18
2142 19
2144 19
2146 19
2148 19
2150 19
2152 19
2154 19
2156 19
2158 19
2160 20
2162 20
2164 20
2166 20
2168 20
2170 20
2172 20
2174 20
2176 20
2178 20
2180 20
2182 21
2184 21
2186 21
2188 21
2190 21
2192 21
2194 21
2196 21
2198 21
2200 21
2202 21
2204 21
2206 21
2208 22
2210 22
2212 22
2214 22
2216 22
2218 22
2220 22
2222 22
2224 22
2226 22
2228 22
2230 22
2232 22
2234 22
2236 22
2238 22
2240 22
2242 22
2244 23
2246 23
2248 23
2250 23
2252 23
2254 23
2256 23
2258 23
2260 23
2262 23
2264 23
2266 23
2268 23
2270 23
2272 23
2274 23
2276 23
2278 23
2280 23
2282 23
2284 23
2286 23
2288 23
2290 23
2292 23
2294 23
2296 23
2298 23
2300 23
2302 23
2304 23
2306 23
2308 23
2310 23
2312 23
2314 23
2316 23
2318 23
2320 23
2322 22
2324 22
2326 22
2328 22
2330 22
2332 22
2334 22
2336 22
2338 22
2340 22
2342 22
2344 22
2346 22
2348 22
2350 22
2352 21
2354 21
2356 21
2358 21
2360 21
2362 21
2364 21
2366 21
2368 21
2370 21
2372 20
2374 20
2376 20
2378 20
2380 20
2382 20
2384 20
2386 19
2388 19
2390 19
2392 19
2394 19
2396 19
2398 19
2400 18
2402 18
2404 18
2406 18
2408 18
2410 17
2412 17
2414 17
2416 17
2418 17
2420 16
2422 16
2424 16
2426 16
2428 16
2430 15
2432 15
2434 15
2436 15
2438 14
2440 14
2442 14
2444 14
2446 13
2448 13
2450 13
2452 13
2454 12
2456 12
2458 12
2460 12
2462 11
2464 11
2466 11
2468 10
2470 10
2472 10
2474 9
2476 9
2478 9
2480 8
2482 8
2484 8
2486 7
2488 7
2490 7
2492 6
2494 6
2496 6
2498 5
2500 5
2502 5
2504 4
2506 4
2508 3
2510 3
2512 3
2514 2
2516 2
2518 1
2520 1
2522 0
2524 0
2526 0
2528 0
2530 0
2532 0
2534 0
2536 0
2538 0
2540 0
2542 0
2544 0
2546 0
2548 0
2550 0
2552 0
2554 0
2556 0
2558 0
2560 0
2562 0
2564 0
2566 0
2568 0
2570 0
2572 0
2574 0
2576 0
2578 0
2580 0
2582 0
2584 0
2586 0
2588 0
2590 0
2592 0
2594 0
2596 0
2598 0
2600 0
2602 0
2604 0
2606 0
2608 0
2610 0
2612 0
2614 0
2616 0
2618 0
2620 0
2622 0
2624 0
2626 0
2628 0
2630 0
2632 0
2634 0
2636 0
2638 0
2640 0
2642 0
2644 0
2646 0
2648 0
2650 0
2652 0
2654 0
2656 0
2658 0
2660 0
2662 0
2664 0
2666 0
2668 0
2670 0
2672 0
2674 0
2676 0
2678 0
2680 0
2682 0
2684 0
2686 0
2688 0
2690 0
2692 0
2694 0
2696 0
2698 0
2700 0
2702 0
2704 0
2706 0
2708 0
2710 0
2712 0
2714 0
2716 0
2718 0
2720 0
2722 0
2724 0
2726 0
2728 0
2730 0
2732 0
2734 0
2736 0
2738 0
2740 0
2742 0
2744 0
2746 0
2748 0
2750 0
2752 0
2754 0
2756 0
2758 0
2760 0
2762 0
2764 0
2766 0
2768 0
2770 0
2772 0
2774 0
2776 0
2778 0
2780 0
2782 0
2784 0
2786 0
2788 0
2790 0
2792 0
2794 0
2796 0
2798 0
2800 0
2802 0
2804 0
2806 0
2808 0
2810 0
2812 0
2814 0
2816 0
2818 0
2820 0
2822 0
2824 0
2826 0
2828 0
2830 0
2832 0
2834 0
2836 0
2838 0
2840 0
2842 0
2844 0
2846 0
2848 0
2850 0
2852 0
2854 0
2856 0
2858 0
2860 0
2862 0
2864 0
2866 0
2868 0
2870 0
2872 0
2874 0
2876 0
2878 0
